    1.41107   -1.70048E-05
    1.44642    6.90975E-06
    1.48178   -1.70048E-05
    1.51713    6.90975E-06
    1.55249    3.08242E-05
    1.58784   -1.70048E-05
    1.62320   -1.70048E-05
    1.65856    3.08242E-05
    1.69391    6.90975E-06
    1.72927    6.90975E-06
    1.76462    6.90975E-06
    1.79998   -1.70048E-05
    1.83533   -1.70048E-05
    1.87069    3.08242E-05
    1.90604    6.90975E-06
    1.94140    6.90975E-06
    1.97675    6.90975E-06
    2.01211    3.08242E-05
    2.04746    3.08242E-05
    2.08282    3.08242E-05
    2.11817    3.08242E-05
    2.15353    5.47390E-05
    2.18889    5.47390E-05
    2.22424    3.08242E-05
    2.25960    5.47390E-05
    2.29495    3.08242E-05
    2.33031    3.08242E-05
    2.36566    5.47390E-05
    2.40102    3.08242E-05
    2.43637    6.90975E-06
    2.47173   -1.70048E-05
    2.50708   -1.70048E-05
    2.54244    5.47390E-05
    2.57779    3.08242E-05
    2.61315    5.47390E-05
    2.64850    3.08242E-05
    2.68386    5.47390E-05
    2.71922    7.86535E-05
    2.75457    5.47390E-05
    2.78993    3.08242E-05
    2.82528    5.47390E-05
    2.86064    5.47390E-05
    2.89599    1.02568E-04
    2.93135    5.47390E-05
    2.96670    5.47390E-05
    3.00206    7.86535E-05
    3.03741    7.86535E-05
    3.07277    7.86535E-05
    3.10812    7.86535E-05
    3.14348    3.08242E-05
    3.17883    7.86535E-05
    3.21419    1.26482E-04
    3.24955    7.86535E-05
    3.28490    7.86535E-05
    3.32026    5.47390E-05
    3.35561    5.47390E-05
    3.39097    5.47390E-05
    3.42632    5.47390E-05
    3.46168    3.08242E-05
    3.49703    6.90975E-06
    3.53239    3.08242E-05
    3.56774    6.90975E-06
    3.60310    5.47390E-05
    3.63845   -1.70048E-05
    3.67381    3.08242E-05
    3.70916    3.08242E-05
    3.74452    5.47390E-05
    3.77988    5.47390E-05
    3.81523    6.90975E-06
    3.85059    5.47390E-05
    3.88594    3.08242E-05
    3.92130    6.90975E-06
    3.95665    5.47390E-05
    3.99201    6.90975E-06
    4.02736    5.47390E-05
    4.06272    3.08242E-05
    4.09807    7.86535E-05
    4.13343    5.47390E-05
    4.16878    5.47390E-05
    4.20414    3.08242E-05
    4.23950    3.08242E-05
    4.27485    6.90975E-06
    4.31021    5.47390E-05
    4.34556    6.90975E-06
    4.38092    3.08242E-05
    4.41627    6.90975E-06
    4.45163    5.47390E-05
    4.48698    6.90975E-06
    4.52234    3.08242E-05
    4.55769   -1.70048E-05
    4.59305    6.90975E-06
    4.62840   -1.70048E-05
    4.66376    5.47390E-05
    4.69911   -1.70048E-05
    4.73447    6.90975E-06
    4.76982   -4.09193E-05
    4.80518    3.08242E-05
    4.84054   -1.70048E-05
    4.87589    6.90975E-06
    4.91125   -1.70048E-05
    4.94660    6.90975E-06
    4.98196   -1.70048E-05
    5.01731    3.08242E-05
    5.05267    6.90975E-06
    5.08802    3.08242E-05
    5.12338   -4.09193E-05
    5.15873    3.08242E-05
    5.19409   -4.09193E-05
    5.22944    5.47390E-05
    5.26480   -1.70048E-05
    5.30015    3.08242E-05
    5.33551   -4.09193E-05
    5.37087    6.90975E-06
    5.40622   -1.70048E-05
    5.44158    3.08242E-05
    5.47693   -4.09193E-05
    5.51229    3.08242E-05
    5.54764   -4.09193E-05
    5.58300    3.08242E-05
    5.61835   -1.70048E-05
    5.65371    3.08242E-05
    5.68906   -1.70048E-05
    5.72442    6.90975E-06
    5.75977   -1.70048E-05
    5.79513    3.08242E-05
    5.83049   -4.09193E-05
    5.86584    6.90975E-06
    5.90120   -1.70048E-05
    5.93655    3.08242E-05
    5.97191   -1.70048E-05
    6.00726    3.08242E-05
    6.04262   -4.09193E-05
    6.07797    3.08242E-05
    6.11333   -4.09193E-05
    6.14868    3.08242E-05
    6.18404   -4.09193E-05
    6.21939    3.08242E-05
    6.25475   -4.09193E-05
    6.29010    3.08242E-05
    6.32546   -1.70048E-05
    6.36082    6.90975E-06
    6.39617   -4.09193E-05
    6.43153    6.90975E-06
    6.46688   -1.70048E-05
    6.50224    3.08242E-05
    6.53759   -4.09193E-05
    6.57295    5.47390E-05
    6.60830   -1.70048E-05
    6.64366    5.47390E-05
    6.67901    3.08242E-05
    6.71437    7.86535E-05
    6.74972    3.08242E-05
    6.78508    7.86535E-05
    6.82043    3.08242E-05
    6.85579    7.86535E-05
    6.89115    3.08242E-05
    6.92650    5.47390E-05
    6.96186    6.90975E-06
    6.99721    7.86535E-05
    7.03257    3.08242E-05
    7.06792    5.47390E-05
    7.10328    3.08242E-05
    7.13863    1.02568E-04
    7.17399    3.08242E-05
    7.20934    7.86535E-05
    7.24470    3.08242E-05
    7.28005    1.02568E-04
    7.31541    6.90975E-06
    7.35076    5.47390E-05
    7.38612    3.08242E-05
    7.42148    1.02568E-04
    7.45683    5.47390E-05
    7.49219    1.26482E-04
    7.52754    5.47390E-05
    7.56290    1.26482E-04
    7.59825    5.47390E-05
    7.63361    1.74311E-04
    7.66896    1.74311E-04
    7.70432    1.98226E-04
    7.73967    1.26482E-04
    7.77503    1.74311E-04
    7.81038    1.50397E-04
    7.84574    2.46055E-04
    7.88109    1.74311E-04
    7.91645    2.69969E-04
    7.95181    2.22141E-04
    7.98716    2.93884E-04
    8.02252    2.46055E-04
    8.05787    2.93884E-04
    8.09323    2.22141E-04
    8.12858    3.17798E-04
    8.16394    2.69969E-04
    8.19929    3.41713E-04
    8.23465    2.69969E-04
    8.27000    3.41713E-04
    8.30536    2.69969E-04
    8.34071    3.41713E-04
    8.37607    2.69969E-04
    8.41142    2.93884E-04
    8.44678    2.46055E-04
    8.48214    2.46055E-04
    8.51749    1.98226E-04
    8.55285    2.22141E-04
    8.58820    1.26482E-04
    8.62356    1.50397E-04
    8.65891    6.90975E-06
    8.69427    3.08242E-05
    8.72962   -1.12663E-04
    8.76498   -8.87485E-05
    8.80033   -2.56150E-04
    8.83569   -2.56150E-04
    8.87104   -3.75723E-04
    8.90640   -4.23552E-04
    8.94175   -5.90955E-04
    8.97711   -6.38785E-04
    9.01247   -8.30100E-04
    9.04782   -8.77930E-04
    9.08318   -1.06925E-03
    9.11853   -1.09316E-03
    9.15389   -1.28447E-03
    9.18924   -1.35622E-03
    9.22460   -1.57145E-03
    9.25995   -1.59536E-03
    9.29531   -1.83451E-03
    9.33066   -1.85842E-03
    9.36602   -2.04974E-03
    9.40137   -2.07365E-03
    9.43673   -2.28888E-03
    9.47208   -2.26497E-03
    9.50744   -2.43237E-03
    9.54280   -2.40846E-03
    9.57815   -2.55194E-03
    9.61351   -2.48020E-03
    9.64886   -2.55194E-03
    9.68422   -2.43237E-03
    9.71957   -2.43237E-03
    9.75493   -2.21714E-03
    9.79028   -2.14540E-03
    9.82564   -1.81060E-03
    9.86099   -1.59536E-03
    9.89635   -1.06925E-03
    9.93170   -7.10525E-04
    9.96706    3.08242E-05
   10.00241    6.52600E-04
   10.03777    1.56135E-03
   10.07313    2.27879E-03
   10.10848    3.42669E-03
   10.14384    4.55067E-03
   10.17919    5.93770E-03
   10.21455    7.13345E-03
   10.24990    8.44875E-03
   10.28526    9.40530E-03
   10.32061    1.03380E-02
   10.35597    1.07446E-02
   10.39132    1.11033E-02
   10.42668    1.08641E-02
   10.46203    1.05532E-02
   10.49739    9.78795E-03
   10.53275    9.07050E-03
   10.56810    8.04220E-03
    10.6035    7.20520E-03
    10.6388    6.15295E-03
    10.6742    5.48335E-03
    10.7095    4.67025E-03
    10.7449    4.09630E-03
    10.7802    3.37886E-03
    10.8156    2.97231E-03
    10.8509    2.37445E-03
    10.8863    2.01573E-03
    10.9217    1.46569E-03
    10.9570    1.15480E-03
    10.9924    6.04775E-04
    11.0277    2.46055E-04
    11.0631   -3.51808E-04
    11.0984   -7.58355E-04
    11.1338   -1.45187E-03
    11.1691   -1.88234E-03
    11.2045   -2.55194E-03
    11.2399   -2.93458E-03
    11.2752   -3.58027E-03
    11.3106   -3.98681E-03
    11.3459   -4.63251E-03
    11.3813   -5.03905E-03
    11.4166   -5.68475E-03
    11.4520   -6.04345E-03
    11.4873   -6.64135E-03
    11.5227   -6.95220E-03
    11.5581   -7.55010E-03
    11.5934   -7.83705E-03
    11.6288   -8.38710E-03
    11.6641   -8.57840E-03
    11.6995   -9.03280E-03
    11.7348   -9.17625E-03
    11.7702   -9.58280E-03
    11.8055   -9.65455E-03
    11.8409   -9.89370E-03
    11.8762   -9.70240E-03
    11.9116   -9.63065E-03
    11.9470   -9.03280E-03
    11.9823   -8.41100E-03
    12.0177   -7.11960E-03
    12.0530   -5.44560E-03
    12.0884   -2.71935E-03
    12.1237    7.48260E-04
    12.1591    5.65075E-03
    12.1944    1.14619E-02
    12.2298    1.83732E-02
    12.2652    2.52129E-02
    12.3005    2.93500E-02
    12.3359    2.86804E-02
    12.3712    2.39932E-02
    12.4066    1.69863E-02
    12.4419    1.01227E-02
    12.4773    3.83324E-03
    12.5126   -3.27894E-04
    12.5480   -2.19323E-03
    12.5834   -3.67593E-03
    12.6187   -5.13470E-03
    12.6541   -5.63690E-03
    12.6894   -5.39775E-03
    12.7248   -4.68034E-03
    12.7601   -3.91508E-03
    12.7955   -2.76717E-03
    12.8308   -1.73885E-03
    12.8662   -5.43125E-04
    12.9016    1.74311E-04
    12.9369    8.20005E-04
    12.9723    8.67835E-04
    13.0076    8.43920E-04
    13.0430    2.22141E-04
    13.0783   -3.75723E-04
    13.1137   -1.40405E-03
    13.1490   -2.31280E-03
    13.1844   -3.50852E-03
    13.2198   -4.48902E-03
    13.2551   -5.66085E-03
    13.2905   -6.52175E-03
    13.3258   -7.40660E-03
    13.3612   -7.86095E-03
    13.3965   -8.24360E-03
    13.4319   -8.26750E-03
    13.4672   -8.31535E-03
    13.5026   -8.17185E-03
    13.5379   -8.24360E-03
    13.5733   -8.12405E-03
    13.6087   -8.33925E-03
    13.6440   -8.41100E-03
    13.6794   -8.72190E-03
    13.7147   -8.79365E-03
    13.7501   -8.98495E-03
    13.7854   -8.81755E-03
    13.8208   -8.72190E-03
    13.8561   -8.38710E-03
    13.8915   -8.21970E-03
    13.9269   -7.93270E-03
    13.9622   -7.69355E-03
    13.9976   -6.97615E-03
    14.0329   -5.70865E-03
    14.0683   -3.41287E-03
    14.1036   -5.67040E-04
    14.1390    2.99622E-03
    14.1743    7.03780E-03
    14.2097    1.20838E-02
    14.2451    1.72493E-02
    14.2804    2.17931E-02
    14.3158    2.42562E-02
    14.3511    2.39692E-02
    14.3865    2.08843E-02
    14.4218    1.64362E-02
    14.4572    1.14859E-02
    14.4925    7.10955E-03
    14.5279    3.80932E-03
    14.5633    2.37445E-03
    14.5986    5.33030E-04
    14.6340   -1.18881E-03
    14.6693   -1.71493E-03
    14.7047   -1.40405E-03
    14.7400   -1.21273E-03
    14.7754   -8.77930E-04
    14.8107   -7.10525E-04
    14.8461   -2.56150E-04
    14.8815    2.22141E-04
    14.9168    7.48260E-04
    14.9522    8.43920E-04
    14.9875    7.24345E-04
    15.0229    3.17798E-04
    15.0582   -1.84406E-04
    15.0936   -1.06925E-03
    15.1289   -2.04974E-03
    15.1643   -3.10198E-03
    15.1996   -3.98681E-03
    15.2350   -4.77599E-03
    15.2704   -5.34995E-03
    15.3057   -5.90000E-03
    15.3411   -6.42610E-03
    15.3764   -7.00005E-03
    15.4118   -7.43050E-03
    15.4471   -7.81315E-03
    15.4825   -7.86095E-03
    15.5178   -7.86095E-03
    15.5532   -7.81315E-03
    15.5886   -8.00445E-03
    15.6239   -8.26750E-03
    15.6593   -8.60230E-03
    15.6946   -8.74580E-03
    15.7300   -8.86540E-03
    15.7653   -8.86540E-03
    15.8007   -9.00885E-03
    15.8360   -9.03280E-03
    15.8714   -8.88930E-03
    15.9068   -8.41100E-03
    15.9421   -7.90880E-03
    15.9775   -7.52615E-03
    16.0128   -7.02395E-03
    16.0482   -5.70865E-03
    16.0835   -3.48461E-03
    16.1189   -4.23552E-04
    16.1542    3.16363E-03
    16.1896    7.58780E-03
    16.2250    1.26577E-02
    16.2603    1.81341E-02
    16.2957    2.27496E-02
    16.3310    2.53563E-02
    16.3664    2.48302E-02
    16.4017    2.15778E-02
    16.4371    1.66514E-02
    16.4724    1.14381E-02
    16.5078    6.63125E-03
    16.5432    3.35494E-03
    16.5785    1.75267E-03
    16.6139   -2.08321E-04
    16.6492   -1.78668E-03
    16.6846   -1.73885E-03
    16.7199   -1.30839E-03
    16.7553   -8.77930E-04
    16.7906   -7.34440E-04
    16.8260   -2.08321E-04
    16.8614    5.33030E-04
    16.8967    1.32221E-03
    16.9321    1.48961E-03
    16.9674    1.41787E-03
    17.0028    1.17872E-03
    17.0381    1.08307E-03
    17.0735    5.33030E-04
    17.1088   -3.27894E-04
    17.1442   -1.49971E-03
    17.1795   -2.40846E-03
    17.2149   -3.26938E-03
    17.2503   -4.05856E-03
    17.2856   -4.89557E-03
    17.3210   -5.56520E-03
    17.3563   -6.16305E-03
    17.3917   -6.52175E-03
    17.4270   -6.92830E-03
    17.4624   -7.00005E-03
    17.4977   -7.00005E-03
    17.5331   -6.90440E-03
    17.5685   -7.14355E-03
    17.6038   -7.38270E-03
    17.6392   -7.90880E-03
    17.6745   -8.29145E-03
    17.7099   -8.65015E-03
    17.7452   -8.65015E-03
    17.7806   -8.79365E-03
    17.8159   -8.84145E-03
    17.8513   -9.05670E-03
    17.8867   -8.88930E-03
    17.9220   -8.65015E-03
    17.9574   -8.17185E-03
    17.9927   -7.90880E-03
    18.0281   -7.26310E-03
    18.0634   -6.09130E-03
    18.0988   -3.89116E-03
    18.1341   -1.14099E-03
    18.1695    2.35054E-03
    18.2049    6.51165E-03
    18.2402    1.17968E-02
    18.2756    1.75602E-02
    18.3109    2.29410E-02
    18.3463    2.59781E-02
    18.3816    2.59064E-02
    18.4170    2.23431E-02
    18.4523    1.70341E-02
    18.4877    1.12468E-02
    18.5231    6.22470E-03
    18.5584    2.63751E-03
    18.5938    1.10698E-03
    18.6291   -8.54015E-04
    18.6645   -2.28888E-03
    18.6998   -2.36063E-03
    18.7352   -1.73885E-03
    18.7705   -1.42796E-03
    18.8059   -9.01840E-04
    18.8413   -1.36577E-04
    18.8766    1.17872E-03
    18.9120    2.18313E-03
    18.9473    2.82883E-03
    18.9827    2.70925E-03
    19.0180    2.58968E-03
    19.0534    2.20704E-03
    19.0887    1.60919E-03
    19.1241    2.46055E-04
    19.1594   -1.21273E-03
    19.1948   -2.52803E-03
    19.2302   -3.43678E-03
    19.2655   -4.39336E-03
    19.3009   -5.18255E-03
    19.3362   -6.16305E-03
    19.3716   -6.68915E-03
    19.4069   -7.21530E-03
    19.4423   -7.50225E-03
    19.4776   -7.71750E-03
    19.5130   -7.62185E-03
    19.5484   -7.64575E-03
    19.5837   -7.57400E-03
    19.6191   -7.74140E-03
    19.6544   -7.98055E-03
    19.6898   -8.60230E-03
    19.7251   -8.96105E-03
    19.7605   -9.22410E-03
    19.7958   -9.20020E-03
    19.8312   -9.39150E-03
    19.8666   -9.46325E-03
    19.9019   -9.39150E-03
    19.9373   -8.91320E-03
    19.9726   -8.55450E-03
    20.0080   -8.21970E-03
    20.0433   -7.88490E-03
    20.0787   -6.59350E-03
    20.1140   -4.44120E-03
    20.1494   -1.40405E-03
    20.1848    2.11139E-03
    20.2201    6.53560E-03
    20.2555    1.16772E-02
    20.2908    1.73211E-02
    20.3262    2.22235E-02
    20.3615    2.52129E-02
    20.3969    2.51889E-02
    20.4322    2.22235E-02
    20.4676    1.71058E-02
    20.5030    1.17011E-02
    20.5383    6.58340E-03
    20.5737    3.06797E-03
    20.6090    1.46569E-03
    20.6444   -2.56150E-04
    20.6797   -1.73885E-03
    20.7151   -1.69102E-03
    20.7504   -1.16490E-03
    20.7858   -6.38785E-04
    20.8211   -3.99638E-04
    20.8565    2.46055E-04
    20.8919    1.10698E-03
    20.9272    2.03965E-03
    20.9626    2.27879E-03
    20.9979    2.11139E-03
    21.0333    1.65701E-03
    21.0686    1.44178E-03
    21.1040    9.15660E-04
    21.1393   -4.09193E-05
    21.1747   -1.33231E-03
    21.2101   -2.31280E-03
    21.2454   -3.29329E-03
    21.2808   -4.08247E-03
    21.3161   -4.91949E-03
    21.3515   -5.44560E-03
    21.3868   -5.94780E-03
    21.4222   -6.21085E-03
    21.4575   -6.64135E-03
    21.4929   -6.85655E-03
    21.5283   -7.00005E-03
    21.5636   -6.92830E-03
    21.5990   -7.02395E-03
    21.6343   -7.09570E-03
    21.6697   -7.50225E-03
    21.7050   -7.95665E-03
    21.7404   -8.38710E-03
    21.7757   -8.48275E-03
    21.8111   -8.60230E-03
    21.8465   -8.67405E-03
    21.8818   -8.88930E-03
    21.9172   -8.74580E-03
    21.9525   -8.48275E-03
    21.9879   -8.07620E-03
    22.0232   -7.90880E-03
    22.0586   -7.45440E-03
    22.0939   -6.37825E-03
    22.1293   -4.17814E-03
    22.1646   -1.42796E-03
    22.2000    1.82442E-03
    22.2354    5.81815E-03
    22.2707    1.09598E-02
    22.3061    1.66993E-02
    22.3414    2.22235E-02
    22.3768    2.58825E-02
    22.4121    2.66238E-02
    22.4475    2.40171E-02
    22.4828    1.92820E-02
    22.5182    1.36621E-02
    22.5536    8.42480E-03
    22.5889    4.43110E-03
    22.6243    2.58968E-03
    22.6596    4.13457E-04
    22.6950   -9.49670E-04
    22.7303   -9.97500E-04
    22.7657   -5.43125E-04
    22.8010   -2.80065E-04
    22.8364    4.13457E-04
    22.8718    1.46569E-03
    22.9071    2.66142E-03
    22.9425    3.28320E-03
    22.9778    3.59409E-03
    23.0132    3.71366E-03
    23.0485    3.80932E-03
    23.0839    3.40277E-03
    23.1192    2.61359E-03
    23.1546    1.32221E-03
    23.1900    6.90975E-06
    23.2253   -1.26056E-03
    23.2607   -2.24106E-03
    23.2960   -3.24546E-03
    23.3314   -4.01073E-03
    23.3667   -4.70426E-03
    23.4021   -5.25430E-03
    23.4374   -5.87605E-03
    23.4728   -6.21085E-03
    23.5082   -6.37825E-03
    23.5435   -6.30655E-03
    23.5789   -6.37825E-03
    23.6142   -6.40220E-03
    23.6496   -6.68915E-03
    23.6849   -7.09570E-03
    23.7203   -7.59790E-03
    23.7556   -7.83705E-03
    23.7910   -8.10010E-03
    23.8264   -8.31535E-03
    23.8617   -8.62625E-03
    23.8971   -8.67405E-03
    23.9324   -8.62625E-03
    23.9678   -8.29145E-03
    24.0031   -8.29145E-03
    24.0385   -8.24360E-03
    24.0738   -7.90880E-03
    24.1092   -6.64135E-03
    24.1446   -4.70426E-03
    24.1799   -2.12149E-03
    24.2153    7.96090E-04
    24.2506    4.57458E-03
    24.2860    9.28575E-03
    24.3213    1.49535E-02
    24.3567    2.05495E-02
    24.3920    2.48780E-02
    24.4274    2.65520E-02
    24.4627    2.51889E-02
    24.4981    2.10756E-02
    24.5335    1.57666E-02
    24.5688    1.01945E-02
    24.6042    5.62680E-03
    24.6395    2.90057E-03
    24.6749    1.32221E-03
    24.7102   -3.99638E-04
    24.7456   -8.06185E-04
    24.7809   -7.34440E-04
    24.8163   -5.90955E-04
    24.8517   -1.12663E-04
    24.8870    9.87405E-04
    24.9224    1.92007E-03
    24.9577    2.51793E-03
    24.9931    2.87665E-03
    25.0284    3.30712E-03
    25.0638    3.49843E-03
    25.0991    3.28320E-03
    25.1345    2.47010E-03
    25.1699    1.44178E-03
    25.2052    1.98226E-04
    25.2406   -1.04533E-03
    25.2759   -2.26497E-03
    25.3113   -3.24546E-03
    25.3466   -4.13030E-03
    25.3820   -4.82382E-03
    25.4173   -5.61300E-03
    25.4527   -6.18695E-03
    25.4881   -6.66525E-03
    25.5234   -6.95220E-03
    25.5588   -7.19135E-03
    25.5941   -7.23920E-03
    25.6295   -7.38270E-03
    25.6648   -7.66965E-03
    25.7002   -8.10010E-03
    25.7355   -8.41100E-03
    25.7709   -8.62625E-03
    25.8063   -8.86540E-03
    25.8416   -9.15235E-03
    25.8770   -9.41540E-03
    25.9123   -9.60675E-03
    25.9477   -9.51105E-03
    25.9830   -9.34365E-03
    26.0184   -9.10455E-03
    26.0537   -9.00885E-03
    26.0891   -8.72190E-03
    26.1245   -7.88490E-03
    26.1598   -6.28260E-03
    26.1952   -3.96290E-03
    26.2305   -9.49670E-04
    26.2659    2.66142E-03
    26.3012    7.20520E-03
    26.3366    1.26577E-02
    26.3719    1.83732E-02
    26.4073    2.31562E-02
    26.4426    2.54041E-02
    26.4780    2.46150E-02
    26.5134    2.10038E-02
    26.5487    1.58383E-02
    26.5841    1.04814E-02
    26.6194    5.86595E-03
    26.6548    2.99622E-03
    26.6901    1.48961E-03
    26.7255   -5.67040E-04
    26.7608   -1.49971E-03
    26.7962   -1.18881E-03
    26.8316   -7.34440E-04
    26.8669   -3.51808E-04
    26.9023    3.89542E-04
    26.9376    1.29829E-03
    26.9730    2.15922E-03
    27.0083    2.68533E-03
    27.0437    2.92448E-03
    27.0790    3.11580E-03
    27.1144    3.11580E-03
    27.1498    2.61359E-03
    27.1851    1.56135E-03
    27.2205    3.17798E-04
    27.2558   -8.06185E-04
    27.2912   -1.90626E-03
    27.3265   -3.07807E-03
    27.3619   -4.03464E-03
    27.3972   -4.72817E-03
    27.4326   -5.37385E-03
    27.4680   -5.94780E-03
    27.5033   -6.49785E-03
    27.5387   -6.92830E-03
    27.5740   -7.26310E-03
    27.6094   -7.38270E-03
    27.6447   -7.43050E-03
    27.6801   -7.62185E-03
    27.7154   -8.07620E-03
    27.7508   -8.53060E-03
    27.7861   -8.93715E-03
    27.8215   -9.17625E-03
    27.8569   -9.43935E-03
    27.8922   -9.67850E-03
    27.9276   -9.89370E-03
    27.9629   -9.86980E-03
    27.9983   -9.75020E-03
    28.0336   -9.53500E-03
    28.0690   -9.39150E-03
    28.1043   -9.15235E-03
    28.1397   -8.65015E-03
    28.1751   -7.26310E-03
    28.2104   -4.99123E-03
    28.2458   -2.02582E-03
    28.2811    1.46569E-03
    28.3165    5.81815E-03
    28.3518    1.11511E-02
    28.3872    1.71058E-02
    28.4225    2.21757E-02
    28.4579    2.51889E-02
    28.4933    2.48541E-02
    28.5286    2.16256E-02
    28.5640    1.64123E-02
    28.5993    1.09119E-02
    28.6347    6.05730E-03
    28.6700    2.97231E-03
    28.7054    1.46569E-03
    28.7407   -4.71381E-04
    28.7761   -1.76276E-03
    28.8115   -1.47579E-03
    28.8468   -8.54015E-04
    28.8822   -3.99638E-04
    28.9175    1.74311E-04
    28.9529    1.32221E-03
    28.9882    2.35054E-03
    29.0236    3.06797E-03
    29.0589    3.18755E-03
    29.0943    3.30712E-03
    29.1297    3.28320E-03
    29.1650    2.94839E-03
    29.2004    1.94399E-03
    29.2357    7.00430E-04
    29.2711   -6.62695E-04
    29.3064   -1.81060E-03
    29.3418   -2.91067E-03
    29.3771   -3.79550E-03
    29.4125   -4.65643E-03
    29.4479   -5.32605E-03
    29.4832   -5.99565E-03
    29.5186   -6.49785E-03
    29.5539   -7.04790E-03
    29.5893   -7.33485E-03
    29.6246   -7.62185E-03
    29.6600   -7.66965E-03
    29.6953   -7.88490E-03
    29.7307   -8.17185E-03
    29.7660   -8.74580E-03
    29.8014   -9.12845E-03
    29.8368   -9.43935E-03
    29.8721   -9.53500E-03
    29.9075   -9.79805E-03
    29.9428   -9.91760E-03
    29.9782   -1.00133E-02
    30.0135   -9.79805E-03
    30.0489   -9.55890E-03
    30.0842   -9.27195E-03
    30.1196   -9.12845E-03
    30.1550   -8.50665E-03
    30.1903   -7.23920E-03
    30.2257   -5.01515E-03
    30.2610   -2.33672E-03
    30.2964    9.63490E-04
    30.3317    4.98113E-03
    30.3671    1.02424E-02
    30.4024    1.60058E-02
    30.4378    2.15061E-02
    30.4732    2.50215E-02
    30.5085    2.55955E-02
    30.5439    2.28453E-02
    30.5792    1.80624E-02
    30.6146    1.23229E-02
    30.6499    7.20520E-03
    30.6853    3.40277E-03
    30.7206    1.70484E-03
    30.7560   -4.47467E-04
    30.7914   -1.95408E-03
    30.8267   -1.97800E-03
    30.8621   -1.38013E-03
    30.8974   -1.06925E-03
    30.9328   -3.75723E-04
    30.9681    7.48260E-04
    31.0035    2.01573E-03
    31.0388    2.70925E-03
    31.0742    3.02014E-03
    31.1096    3.16363E-03
    31.1449    3.35494E-03
    31.1803    3.02014E-03
    31.2156    2.30271E-03
    31.2510    1.15480E-03
    31.2863   -8.87485E-05
    31.3217   -1.40405E-03
    31.3570   -2.43237E-03
    31.3924   -3.50852E-03
    31.4277   -4.29770E-03
    31.4631   -5.11080E-03
    31.4985   -5.68475E-03
    31.5338   -6.35435E-03
    31.5692   -6.64135E-03
    31.6045   -7.02395E-03
    31.6399   -7.14355E-03
    31.6752   -7.33485E-03
    31.7106   -7.40660E-03
    31.7459   -7.95665E-03
    31.7813   -8.45885E-03
    31.8167   -9.05670E-03
    31.8520   -9.24800E-03
    31.8874   -9.58280E-03
    31.9227   -9.75020E-03
    31.9581   -1.01567E-02
    31.9934   -1.02046E-02
    32.0288   -1.01567E-02
    32.0641   -9.75020E-03
    32.0995   -9.65455E-03
    32.1349   -9.41540E-03
    32.1702   -9.05670E-03
    32.2056   -7.71750E-03
    32.2409   -5.70865E-03
    32.2763   -2.86284E-03
    32.3116    2.46055E-04
    32.3470    4.31152E-03
    32.3823    9.23790E-03
    32.4177    1.51209E-02
    32.4531    2.05734E-02
    32.4884    2.45910E-02
    32.5238    2.56433E-02
    32.5591    2.37301E-02
    32.5945    1.91624E-02
    32.6298    1.37100E-02
    32.6652    8.23350E-03
    32.7005    4.26369E-03
    32.7359    2.13530E-03
    32.7713    2.93884E-04
    32.8066   -1.49971E-03
    32.8420   -1.52362E-03
    32.8773   -1.33231E-03
    32.9127   -9.97500E-04
    32.9480   -6.14870E-04
    32.9834    6.52600E-04
    33.0187    1.70484E-03
    33.0541    2.51793E-03
    33.0895    2.73316E-03
    33.1248    3.16363E-03
    33.1602    3.28320E-03
    33.1955    3.18755E-03
    33.2309    2.30271E-03
    33.2662    1.37004E-03
    33.3016    6.90975E-06
    33.3369   -1.14099E-03
    33.3723   -2.38455E-03
    33.4076   -3.26938E-03
    33.4430   -4.15422E-03
    33.4784   -4.72817E-03
    33.5137   -5.46950E-03
    33.5491   -5.92390E-03
    33.5844   -6.45000E-03
    33.6198   -6.52175E-03
    33.6551   -6.92830E-03
    33.6905   -6.92830E-03
    33.7258   -7.09570E-03
    33.7612   -7.38270E-03
    33.7966   -8.02835E-03
    33.8319   -8.50665E-03
    33.8673   -8.96105E-03
    33.9026   -9.12845E-03
    33.9380   -9.53500E-03
    33.9733   -9.82195E-03
    34.0087   -1.00850E-02
    34.0440   -9.91760E-03
    34.0794   -9.77415E-03
    34.1148   -9.58280E-03
    34.1501   -9.60675E-03
    34.1855   -9.10455E-03
    34.2208   -7.98055E-03
    34.2562   -5.85215E-03
    34.2915   -3.26938E-03
    34.3269   -6.48340E-05
    34.3622    3.71366E-03
    34.3976    8.71180E-03
    34.4330    1.44513E-02
    34.4683    2.02147E-02
    34.5037    2.44715E-02
    34.5390    2.59781E-02
    34.5744    2.42084E-02
    34.6097    2.00712E-02
    34.6451    1.45470E-02
    34.6804    9.23790E-03
    34.7158    4.90939E-03
    34.7512    2.66142E-03
    34.7865    6.76515E-04
    34.8219   -1.18881E-03
    34.8572   -1.52362E-03
    34.8926   -1.23665E-03
    34.9279   -1.16490E-03
    34.9633   -6.14870E-04
    34.9986    3.89542E-04
    35.0340    1.48961E-03
    35.0693    2.03965E-03
    35.1047    2.35054E-03
    35.1401    2.56577E-03
    35.1754    2.82883E-03
    35.2108    2.66142E-03
    35.2461    2.13530E-03
    35.2815    1.13089E-03
    35.3168    5.47390E-05
    35.3522   -1.14099E-03
    35.3875   -2.16931E-03
    35.4229   -3.22155E-03
    35.4583   -3.96290E-03
    35.4936   -4.60859E-03
    35.5290   -5.15865E-03
    35.5643   -5.75650E-03
    35.5997   -6.11520E-03
    35.6350   -6.54565E-03
    35.6704   -6.76090E-03
    35.7057   -6.88050E-03
    35.7411   -6.92830E-03
    35.7765   -7.33485E-03
    35.8118   -7.78925E-03
    35.8472   -8.43490E-03
    35.8825   -8.84145E-03
    35.9179   -9.24800E-03
    35.9532   -9.51105E-03
    35.9886   -9.98935E-03
    36.0239   -1.01567E-02
    36.0593   -1.01807E-02
    36.0947   -9.86980E-03
    36.1300   -9.84590E-03
    36.1654   -9.79805E-03
    36.2007   -9.55890E-03
    36.2361   -8.43490E-03
    36.2714   -6.61740E-03
    36.3068   -3.86725E-03
    36.3421   -7.34440E-04
    36.3775    3.18755E-03
    36.4129    7.97045E-03
    36.4482    1.39013E-02
    36.4836    1.97125E-02
    36.5189    2.43519E-02
    36.5543    2.60976E-02
    36.5896    2.46628E-02
    36.6250    2.05973E-02
    36.6603    1.52165E-02
    36.6957    9.66840E-03
    36.7311    5.31595E-03
    36.7664    2.70925E-03
    36.8018    7.24345E-04
    36.8371   -1.35622E-03
    36.8725   -1.83451E-03
    36.9078   -1.71493E-03
    36.9432   -1.54753E-03
    36.9785   -1.23665E-03
    37.0139   -1.84406E-04
    37.0493    8.91745E-04
    37.0846    1.75267E-03
    37.1200    1.99181E-03
    37.1553    2.35054E-03
    37.1907    2.58968E-03
    37.2260    2.70925E-03
    37.2614    2.06356E-03
    37.2967    1.25047E-03
    37.3321    5.47390E-05
    37.3674   -1.02141E-03
    37.4028   -2.21714E-03
    37.4382   -3.07807E-03
    37.4735   -3.91508E-03
    37.5089   -4.41728E-03
    37.5442   -5.03905E-03
    37.5796   -5.54125E-03
    37.6149   -6.04345E-03
    37.6503   -6.33045E-03
    37.6856   -6.68915E-03
    37.7210   -6.80875E-03
    37.7564   -7.00005E-03
    37.7917   -7.28700E-03
    37.8271   -7.98055E-03
    37.8624   -8.57840E-03
    37.8978   -9.17625E-03
    37.9331   -9.51105E-03
    37.9685   -9.96545E-03
    38.0038   -1.03002E-02
    38.0392   -1.05872E-02
    38.0746   -1.04437E-02
    38.1099   -1.03002E-02
    38.1453   -9.96545E-03
    38.1806   -9.89370E-03
    38.2160   -9.48715E-03
    38.2513   -8.50665E-03
    38.2867   -6.52175E-03
    38.3220   -4.03464E-03
    38.3574   -7.82270E-04
    38.3927    2.99622E-03
    38.4281    7.85090E-03
    38.4635    1.35665E-02
    38.4988    1.95929E-02
    38.5342    2.43280E-02
    38.5695    2.64564E-02
    38.6049    2.51889E-02
    38.6402    2.13147E-02
    38.6756    1.58144E-02
    38.7109    1.02424E-02
    38.7463    5.41160E-03
    38.7817    2.66142E-03
    38.8170    6.28690E-04
    38.8524   -1.47579E-03
    38.8877   -2.24106E-03
    38.9231   -1.90626E-03
    38.9584   -1.76276E-03
    38.9938   -1.45187E-03
    39.0291   -5.43125E-04
    39.0645    8.91745E-04
    39.0999    1.89616E-03
    39.1352    2.37445E-03
    39.1706    2.49402E-03
    39.2059    2.85274E-03
    39.2413    2.90057E-03
    39.2766    2.54185E-03
    39.3120    1.53744E-03
    39.3473    4.85200E-04
    39.3827   -6.38785E-04
    39.4181   -1.69102E-03
    39.4534   -2.81500E-03
    39.4888   -3.60419E-03
    39.5241   -4.29770E-03
    39.5595   -4.89557E-03
    39.5948   -5.63690E-03
    39.6302   -6.06740E-03
    39.6655   -6.52175E-03
    39.7009   -6.80875E-03
    39.7363   -7.14355E-03
    39.7716   -7.28700E-03
    39.8070   -7.66965E-03
    39.8423   -8.19575E-03
    39.8777   -8.84145E-03
    39.9130   -9.29585E-03
    39.9484   -9.63065E-03
    39.9837   -9.89370E-03
    40.0191   -1.03002E-02
    40.0545   -1.04677E-02
    40.0898   -1.04437E-02
    40.1252   -1.00611E-02
    40.1605   -9.72630E-03
    40.1959   -9.46325E-03
    40.2312   -9.20020E-03
    40.2666   -8.19575E-03
    40.3019   -6.35435E-03
    40.3373   -3.62810E-03
    40.3727   -5.43125E-04
    40.4080    3.33103E-03
    40.4434    8.01830E-03
    40.4787    1.37578E-02
    40.5141    1.94494E-02
    40.5494    2.39692E-02
    40.5848    2.57868E-02
    40.6201    2.45193E-02
    40.6555    2.04060E-02
    40.6908    1.50730E-02
    40.7262    9.54880E-03
    40.7616    5.12460E-03
    40.7969    2.51793E-03
    40.8323    7.96090E-04
    40.8676   -1.45187E-03
    40.9030   -2.16931E-03
    40.9383   -1.88234E-03
    40.9737   -1.40405E-03
    41.0090   -1.11707E-03
    41.0444   -3.03979E-04
    41.0798    9.39575E-04
    41.1151    2.18313E-03
    41.1505    2.63751E-03
    41.1858    2.66142E-03
    41.2212    2.56577E-03
    41.2565    2.58968E-03
    41.2919    2.18313E-03
    41.3272    1.29829E-03
    41.3626    5.47390E-05
    41.3980   -1.04533E-03
    41.4333   -2.16931E-03
    41.4687   -3.07807E-03
    41.5040   -3.98681E-03
    41.5394   -4.56076E-03
    41.5747   -5.13470E-03
    41.6101   -5.58910E-03
    41.6454   -6.13915E-03
    41.6808   -6.45000E-03
    41.7162   -6.73700E-03
    41.7515   -6.88050E-03
    41.7869   -7.09570E-03
    41.8222   -7.33485E-03
    41.8576   -7.88490E-03
    41.8929   -8.45885E-03
    41.9283   -9.05670E-03
    41.9636   -9.39150E-03
    41.9990   -9.75020E-03
    42.0344   -1.01089E-02
    42.0697   -1.04437E-02
    42.1051   -1.04437E-02
    42.1404   -1.01329E-02
    42.1758   -9.70240E-03
    42.2111   -9.51105E-03
    42.2465   -9.17625E-03
    42.2818   -8.29145E-03
    42.3172   -6.42610E-03
    42.3526   -3.74767E-03
    42.3879   -4.23552E-04
    42.4233    3.47451E-03
    42.4586    8.32915E-03
    42.4940    1.39969E-02
    42.5293    1.96886E-02
    42.5647    2.41366E-02
    42.6000    2.59064E-02
    42.6354    2.44236E-02
    42.6707    2.03103E-02
    42.7061    1.48579E-02
    42.7415    9.40530E-03
    42.7768    5.10070E-03
    42.8122    2.68533E-03
    42.8475    8.91745E-04
    42.8829   -1.23665E-03
    42.9182   -2.00191E-03
    42.9536   -1.66711E-03
    42.9889   -1.28447E-03
    43.0243   -9.97500E-04
    43.0597   -4.23552E-04
    43.0950    6.76515E-04
    43.1304    1.84833E-03
    43.1657    2.56577E-03
    43.2011    2.68533E-03
    43.2364    2.56577E-03
    43.2718    2.49402E-03
    43.3071    2.25487E-03
    43.3425    1.48961E-03
    43.3779    3.17798E-04
    43.4132   -8.77930E-04
    43.4486   -2.00191E-03
    43.4839   -2.93458E-03
    43.5193   -3.86725E-03
    43.5546   -4.53685E-03
    43.5900   -5.01515E-03
    43.6253   -5.51735E-03
    43.6607   -5.94780E-03
    43.6961   -6.25870E-03
    43.7314   -6.47395E-03
    43.7668   -6.66525E-03
    43.8021   -7.00005E-03
    43.8375   -7.31095E-03
