    1.41107    5.66545E-05
    1.44642    5.66545E-05
    1.48178    1.04324E-05
    1.51713    3.35436E-05
    1.55249    3.35436E-05
    1.58784    3.35436E-05
    1.62320    7.97660E-05
    1.65856    5.66545E-05
    1.69391    5.66545E-05
    1.72927    1.02877E-04
    1.76462    5.66545E-05
    1.79998    5.66545E-05
    1.83533    7.97660E-05
    1.87069    7.97660E-05
    1.90604    1.02877E-04
    1.94140    7.97660E-05
    1.97675    7.97660E-05
    2.01211    7.97660E-05
    2.04746    5.66545E-05
    2.08282    7.97660E-05
    2.11817    5.66545E-05
    2.15353    7.97660E-05
    2.18889    5.66545E-05
    2.22424    7.97660E-05
    2.25960    5.66545E-05
    2.29495    5.66545E-05
    2.33031    5.66545E-05
    2.36566    7.97660E-05
    2.40102    3.35436E-05
    2.43637    5.66545E-05
    2.47173    3.35436E-05
    2.50708    3.35436E-05
    2.54244    1.04324E-05
    2.57779    3.35436E-05
    2.61315    3.35436E-05
    2.64850   -1.26787E-05
    2.68386    3.35436E-05
    2.71922    1.04324E-05
    2.75457   -1.26787E-05
    2.78993    3.35436E-05
    2.82528    3.35436E-05
    2.86064    3.35436E-05
    2.89599    5.66545E-05
    2.93135    1.04324E-05
    2.96670    5.66545E-05
    3.00206    1.04324E-05
    3.03741    5.66545E-05
    3.07277    5.66545E-05
    3.10812    5.66545E-05
    3.14348    5.66545E-05
    3.17883    5.66545E-05
    3.21419    3.35436E-05
    3.24955    5.66545E-05
    3.28490    3.35436E-05
    3.32026    3.35436E-05
    3.35561    1.04324E-05
    3.39097    3.35436E-05
    3.42632   -1.26787E-05
    3.46168   -1.26787E-05
    3.49703   -1.26787E-05
    3.53239    1.04324E-05
    3.56774    1.04324E-05
    3.60310    5.66545E-05
    3.63845    1.04324E-05
    3.67381    5.66545E-05
    3.70916    3.35436E-05
    3.74452    7.97660E-05
    3.77988    3.35436E-05
    3.81523    3.35436E-05
    3.85059    1.04324E-05
    3.88594    3.35436E-05
    3.92130   -1.26787E-05
    3.95665    3.35436E-05
    3.99201   -1.26787E-05
    4.02736    3.35436E-05
    4.06272   -1.26787E-05
    4.09807    5.66545E-05
    4.13343    1.04324E-05
    4.16878    3.35436E-05
    4.20414    1.04324E-05
    4.23950    3.35436E-05
    4.27485    1.04324E-05
    4.31021    1.04324E-05
    4.34556    1.04324E-05
    4.38092    1.04324E-05
    4.41627   -3.57898E-05
    4.45163    1.04324E-05
    4.48698   -1.26787E-05
    4.52234    1.04324E-05
    4.55769   -1.26787E-05
    4.59305    3.35436E-05
    4.62840   -1.26787E-05
    4.66376    3.35436E-05
    4.69911   -1.26787E-05
    4.73447    5.66545E-05
    4.76982    1.04324E-05
    4.80518    5.66545E-05
    4.84054    3.35436E-05
    4.87589    7.97660E-05
    4.91125    1.04324E-05
    4.94660    5.66545E-05
    4.98196    1.04324E-05
    5.01731    5.66545E-05
    5.05267    1.04324E-05
    5.08802    5.66545E-05
    5.12338    3.35436E-05
    5.15873    5.66545E-05
    5.19409    5.66545E-05
    5.22944    5.66545E-05
    5.26480    3.35436E-05
    5.30015    5.66545E-05
    5.33551    3.35436E-05
    5.37087    5.66545E-05
    5.40622    3.35436E-05
    5.44158    3.35436E-05
    5.47693    1.04324E-05
    5.51229    5.66545E-05
    5.54764   -1.26787E-05
    5.58300    5.66545E-05
    5.61835   -1.26787E-05
    5.65371    3.35436E-05
    5.68906   -1.26787E-05
    5.72442    7.97660E-05
    5.75977    1.04324E-05
    5.79513    5.66545E-05
    5.83049   -1.26787E-05
    5.86584    5.66545E-05
    5.90120   -1.26787E-05
    5.93655    7.97660E-05
    5.97191    1.04324E-05
    6.00726    3.35436E-05
    6.04262    1.04324E-05
    6.07797    5.66545E-05
    6.11333   -1.26787E-05
    6.14868    5.66545E-05
    6.18404    1.04324E-05
    6.21939    5.66545E-05
    6.25475    3.35436E-05
    6.29010    5.66545E-05
    6.32546    1.04324E-05
    6.36082    5.66545E-05
    6.39617    1.04324E-05
    6.43153    5.66545E-05
    6.46688   -1.26787E-05
    6.50224    5.66545E-05
    6.53759    1.04324E-05
    6.57295    5.66545E-05
    6.60830    1.04324E-05
    6.64366    5.66545E-05
    6.67901    1.04324E-05
    6.71437    7.97660E-05
    6.74972    1.04324E-05
    6.78508    7.97660E-05
    6.82043    1.04324E-05
    6.85579    5.66545E-05
    6.89115    3.35436E-05
    6.92650    7.97660E-05
    6.96186    1.04324E-05
    6.99721    5.66545E-05
    7.03257   -1.26787E-05
    7.06792    3.35436E-05
    7.10328    1.04324E-05
    7.13863    3.35436E-05
    7.17399   -1.26787E-05
    7.20934    5.66545E-05
    7.24470   -1.26787E-05
    7.28005    5.66545E-05
    7.31541   -3.57898E-05
    7.35076    1.04324E-05
    7.38612   -3.57898E-05
    7.42148    5.66545E-05
    7.45683   -1.26787E-05
    7.49219    5.66545E-05
    7.52754   -1.26787E-05
    7.56290    1.04324E-05
    7.59825    1.04324E-05
    7.63361    5.66545E-05
    7.66896   -1.26787E-05
    7.70432    3.35436E-05
    7.73967    1.04324E-05
    7.77503    5.66545E-05
    7.81038    1.04324E-05
    7.84574    3.35436E-05
    7.88109    1.04324E-05
    7.91645    5.66545E-05
    7.95181   -1.26787E-05
    7.98716    5.66545E-05
    8.02252   -3.57898E-05
    8.05787    5.66545E-05
    8.09323   -1.26787E-05
    8.12858    5.66545E-05
    8.16394   -1.26787E-05
    8.19929    5.66545E-05
    8.23465   -1.26787E-05
    8.27000    5.66545E-05
    8.30536   -3.57898E-05
    8.34071    3.35436E-05
    8.37607   -3.57898E-05
    8.41142    1.04324E-05
    8.44678   -1.26787E-05
    8.48214    3.35436E-05
    8.51749   -3.57898E-05
    8.55285    1.04324E-05
    8.58820   -3.57898E-05
    8.62356    1.04324E-05
    8.65891   -3.57898E-05
    8.69427    3.35436E-05
    8.72962   -3.57898E-05
    8.76498    5.66545E-05
    8.80033   -3.57898E-05
    8.83569    5.66545E-05
    8.87104   -1.26787E-05
    8.90640    7.97660E-05
    8.94175   -1.26787E-05
    8.97711    7.97660E-05
    9.01247    1.04324E-05
    9.04782    1.02877E-04
    9.08318    3.35436E-05
    9.11853    1.25988E-04
    9.15389    3.35436E-05
    9.18924    1.02877E-04
    9.22460    3.35436E-05
    9.25995    1.02877E-04
    9.29531    3.35436E-05
    9.33066    1.02877E-04
    9.36602    5.66545E-05
    9.40137    1.02877E-04
    9.43673    5.66545E-05
    9.47208    1.25988E-04
    9.50744    5.66545E-05
    9.54280    1.72210E-04
    9.57815    5.66545E-05
    9.61351    1.72210E-04
    9.64886    7.97660E-05
    9.68422    1.95321E-04
    9.71957    1.02877E-04
    9.75493    2.18432E-04
    9.79028    1.25988E-04
    9.82564    2.18432E-04
    9.86099    1.49099E-04
    9.89635    2.18432E-04
    9.93170    1.72210E-04
    9.96706    2.64654E-04
   10.00241    1.72210E-04
   10.03777    2.87766E-04
   10.07313    1.95321E-04
   10.10848    2.64654E-04
   10.14384    1.72210E-04
   10.17919    2.41544E-04
   10.21455    1.25988E-04
   10.24990    2.41544E-04
   10.28526    1.49099E-04
   10.32061    2.41544E-04
   10.35597    5.66545E-05
   10.39132    1.72210E-04
   10.42668    3.35436E-05
   10.46203    1.25988E-04
   10.49739   -1.26787E-05
   10.53275    5.66545E-05
   10.56810   -1.05123E-04
    10.6035   -5.89010E-05
    10.6388   -1.97567E-04
    10.6742   -1.74456E-04
    10.7095   -3.13123E-04
    10.7449   -2.90012E-04
    10.7802   -4.51790E-04
    10.8156   -4.05567E-04
    10.8509   -5.90455E-04
    10.8863   -5.90455E-04
    10.9217   -7.52235E-04
    10.9570   -7.06010E-04
    10.9924   -9.14010E-04
    11.0277   -8.67790E-04
    11.0631   -1.09890E-03
    11.0984   -1.02957E-03
    11.1338   -1.23757E-03
    11.1691   -1.19135E-03
    11.2045   -1.35312E-03
    11.2399   -1.28379E-03
    11.2752   -1.46868E-03
    11.3106   -1.37624E-03
    11.3459   -1.56113E-03
    11.3813   -1.46868E-03
    11.4166   -1.56113E-03
    11.4520   -1.42245E-03
    11.4873   -1.49179E-03
    11.5227   -1.30690E-03
    11.5581   -1.30690E-03
    11.5934   -1.05268E-03
    11.6288   -9.83345E-04
    11.6641   -6.36680E-04
    11.6995   -4.74901E-04
    11.7348   -1.26787E-05
    11.7702    2.41544E-04
    11.8055    7.96210E-04
    11.8409    1.16599E-03
    11.8762    1.85932E-03
    11.9116    2.32155E-03
    11.9470    3.03799E-03
    11.9823    3.63887E-03
    12.0177    4.51710E-03
    12.0530    5.18730E-03
    12.0884    6.08865E-03
    12.1237    6.68955E-03
    12.1591    7.47530E-03
    12.1944    7.96065E-03
    12.2298    8.51530E-03
    12.2652    8.72330E-03
    12.3005    8.95445E-03
    12.3359    8.79265E-03
    12.3712    8.65400E-03
    12.4066    8.07620E-03
    12.4419    7.54465E-03
    12.4773    6.55090E-03
    12.5126    5.60330E-03
    12.5480    4.35532E-03
    12.5834    3.29221E-03
    12.6187    1.97488E-03
    12.6541    9.57990E-04
    12.6894   -2.43790E-04
    12.7248   -1.09890E-03
    12.7601   -2.04645E-03
    12.7955   -2.57801E-03
    12.8308   -3.13268E-03
    12.8662   -3.29445E-03
    12.9016   -3.47935E-03
    12.9369   -3.34068E-03
    12.9723   -3.24823E-03
    13.0076   -2.94779E-03
    13.0430   -2.76290E-03
    13.0783   -2.34690E-03
    13.1137   -2.20823E-03
    13.1490   -1.93090E-03
    13.1844   -1.93090E-03
    13.2198   -1.88468E-03
    13.2551   -2.16201E-03
    13.2905   -2.34690E-03
    13.3258   -2.85534E-03
    13.3612   -3.22512E-03
    13.3965   -3.82601E-03
    13.4319   -4.28824E-03
    13.4672   -4.93535E-03
    13.5026   -5.32825E-03
    13.5379   -5.79045E-03
    13.5733   -5.83670E-03
    13.6087   -5.88290E-03
    13.6440   -5.58245E-03
    13.6794   -5.30510E-03
    13.7147   -4.70424E-03
    13.7501   -4.14957E-03
    13.7854   -3.20201E-03
    13.8208   -2.20823E-03
    13.8561   -8.90900E-04
    13.8915    3.80210E-04
    13.9269    1.90555E-03
    13.9622    3.36155E-03
    13.9976    5.04865E-03
    14.0329    6.62020E-03
    14.0683    8.37665E-03
    14.1036    9.69400E-03
    14.1390    1.12655E-02
    14.1743    1.26060E-02
    14.2097    1.39233E-02
    14.2451    1.47322E-02
    14.2804    1.51713E-02
    14.3158    1.49402E-02
    14.3511    1.42469E-02
    14.3865    1.27215E-02
    14.4218    1.06415E-02
    14.4572    7.86820E-03
    14.4925    4.74821E-03
    14.5279    1.28155E-03
    14.5633   -2.04645E-03
    14.5986   -5.37445E-03
    14.6340   -8.28645E-03
    14.6693   -1.08749E-02
    14.7047   -1.28163E-02
    14.7400   -1.42491E-02
    14.7754   -1.49656E-02
    14.8107   -1.51735E-02
    14.8461   -1.46651E-02
    14.8815   -1.36945E-02
    14.9168   -1.19842E-02
    14.9522   -9.85800E-03
    14.9875   -7.24645E-03
    15.0229   -4.56557E-03
    15.0582   -1.60734E-03
    15.0936    1.16599E-03
    15.1289    3.77754E-03
    15.1643    5.69575E-03
    15.1996    6.94375E-03
    15.2350    7.15175E-03
    15.2704    6.45845E-03
    15.3057    4.81754E-03
    15.3411    2.59887E-03
    15.3764   -1.74456E-04
    15.4118   -3.04024E-03
    15.4471   -5.97535E-03
    15.4825   -8.44825E-03
    15.5178   -1.05514E-02
    15.5532   -1.19149E-02
    15.5886   -1.26776E-02
    15.6239   -1.26776E-02
    15.6593   -1.21923E-02
    15.6946   -1.08980E-02
    15.7300   -9.07225E-03
    15.7653   -6.66870E-03
    15.8007   -3.91845E-03
    15.8360   -9.37125E-04
    15.8714    1.90555E-03
    15.9068    4.44777E-03
    15.9421    6.41220E-03
    15.9775    8.09930E-03
    16.0128    9.13930E-03
    16.0482    9.85575E-03
    16.0835    1.00869E-02
    16.1189    1.03873E-02
    16.1542    1.06415E-02
    16.1896    1.11500E-02
    16.2250    1.17278E-02
    16.2603    1.25598E-02
    16.2957    1.32993E-02
    16.3310    1.38771E-02
    16.3664    1.39233E-02
    16.4017    1.32531E-02
    16.4371    1.15891E-02
    16.4724    9.18555E-03
    16.5078    6.01930E-03
    16.5432    2.73754E-03
    16.5785   -7.29125E-04
    16.6139   -3.82601E-03
    16.6492   -6.64555E-03
    16.6846   -8.77180E-03
    16.7199   -1.04589E-02
    16.7553   -1.13140E-02
    16.7906   -1.17994E-02
    16.8260   -1.15913E-02
    16.8614   -1.08980E-02
    16.8967   -9.65000E-03
    16.9321   -8.21710E-03
    16.9674   -6.46070E-03
    17.0028   -4.65801E-03
    17.0381   -2.78601E-03
    17.0735   -1.05268E-03
    17.1088    6.11320E-04
    17.1442    1.90555E-03
    17.1795    2.96865E-03
    17.2149    3.52332E-03
    17.2503    3.70821E-03
    17.2856    3.31532E-03
    17.3210    2.48332E-03
    17.3563    9.81100E-04
    17.3917   -1.00646E-03
    17.4270   -3.43313E-03
    17.4624   -5.85980E-03
    17.4977   -8.30955E-03
    17.5331   -1.01815E-02
    17.5685   -1.15913E-02
    17.6038   -1.22153E-02
    17.6392   -1.22615E-02
    17.6745   -1.15220E-02
    17.7099   -1.02740E-02
    17.7452   -8.26335E-03
    17.7806   -5.92910E-03
    17.8159   -3.08645E-03
    17.8513   -2.66901E-04
    17.8867    2.48332E-03
    17.9220    4.67888E-03
    17.9574    6.38910E-03
    17.9927    7.38290E-03
    18.0281    8.05310E-03
    18.0634    8.33045E-03
    18.0988    8.67710E-03
    18.1341    8.88510E-03
    18.1695    9.34730E-03
    18.2049    9.92510E-03
    18.2402    1.09420E-02
    18.2756    1.19358E-02
    18.3109    1.29989E-02
    18.3463    1.37153E-02
    18.3816    1.40851E-02
    18.4170    1.34842E-02
    18.4523    1.21437E-02
    18.4877    9.83265E-03
    18.5231    7.01310E-03
    18.5584    3.54643E-03
    18.5938    3.35436E-05
    18.6291   -3.59490E-03
    18.6645   -6.59935E-03
    18.6998   -9.23400E-03
    18.7352   -1.09905E-02
    18.7705   -1.22615E-02
    18.8059   -1.27238E-02
    18.8413   -1.26776E-02
    18.8766   -1.17762E-02
    18.9120   -1.04358E-02
    18.9473   -8.47135E-03
    18.9827   -6.41445E-03
    19.0180   -4.08024E-03
    19.0534   -1.93090E-03
    19.0887    1.95321E-04
    19.1241    1.95177E-03
    19.1594    3.43088E-03
    19.1948    4.26287E-03
    19.2302    4.74821E-03
    19.2655    4.63266E-03
    19.3009    4.10110E-03
    19.3362    2.87621E-03
    19.3716    1.28155E-03
    19.4069   -9.60235E-04
    19.4423   -3.34068E-03
    19.4776   -5.90600E-03
    19.5130   -8.12470E-03
    19.5484   -1.01585E-02
    19.5837   -1.14758E-02
    19.6191   -1.22615E-02
    19.6544   -1.22153E-02
    19.6898   -1.15451E-02
    19.7251   -1.00198E-02
    19.7605   -8.03225E-03
    19.7958   -5.44380E-03
    19.8312   -2.73979E-03
    19.8666    1.72210E-04
    19.9019    2.73754E-03
    19.9373    5.00245E-03
    19.9726    6.55090E-03
    20.0080    7.63710E-03
    20.0433    8.16865E-03
    20.0787    8.58465E-03
    20.1140    8.72330E-03
    20.1494    8.97755E-03
    20.1848    9.30110E-03
    20.2201    1.00175E-02
    20.2555    1.09651E-02
    20.2908    1.21437E-02
    20.3262    1.30451E-02
    20.3615    1.38309E-02
    20.3969    1.40851E-02
    20.4322    1.38540E-02
    20.4676    1.27215E-02
    20.5030    1.07802E-02
    20.5383    8.00690E-03
    20.5737    4.79444E-03
    20.6090    1.23532E-03
    20.6444   -2.09268E-03
    20.6797   -5.21270E-03
    20.7151   -7.68555E-03
    20.7504   -9.67310E-03
    20.7858   -1.09211E-02
    20.8211   -1.16607E-02
    20.8565   -1.15220E-02
    20.8919   -1.08749E-02
    20.9272   -9.51135E-03
    20.9626   -7.84735E-03
    20.9979   -5.81355E-03
    21.0333   -3.68734E-03
    21.0686   -1.39934E-03
    21.1040    7.26875E-04
    21.1393    2.80687E-03
    21.1747    4.51710E-03
    21.2101    5.90375E-03
    21.2454    6.71265E-03
    21.2808    7.01310E-03
    21.3161    6.41220E-03
    21.3515    5.09490E-03
    21.3868    3.01488E-03
    21.4222    4.72655E-04
    21.4575   -2.46246E-03
    21.4929   -5.30510E-03
    21.5283   -8.03225E-03
    21.5636   -1.02278E-02
    21.5990   -1.18687E-02
    21.6343   -1.26776E-02
    21.6697   -1.27469E-02
    21.7050   -1.20767E-02
    21.7404   -1.08287E-02
    21.7757   -8.72555E-03
    21.8111   -6.29890E-03
    21.8465   -3.41001E-03
    21.8818   -4.74901E-04
    21.9172    2.46021E-03
    21.9525    4.93310E-03
    21.9879    6.94375E-03
    22.0232    8.19175E-03
    22.0586    9.02375E-03
    22.0939    9.41665E-03
    22.1293    9.69400E-03
    22.1646    9.74020E-03
    22.2000    9.94820E-03
    22.2354    1.02256E-02
    22.2707    1.08496E-02
    22.3061    1.15429E-02
    22.3414    1.23980E-02
    22.3768    1.31376E-02
    22.4121    1.37616E-02
    22.4475    1.37846E-02
    22.4828    1.30682E-02
    22.5182    1.13811E-02
    22.5536    9.00065E-03
    22.5889    5.88065E-03
    22.6243    2.43710E-03
    22.6596   -1.12201E-03
    22.6950   -4.28824E-03
    22.7303   -7.06155E-03
    22.7657   -9.07225E-03
    22.8010   -1.05744E-02
    22.8364   -1.12678E-02
    22.8718   -1.13834E-02
    22.9071   -1.08056E-02
    22.9425   -9.71935E-03
    22.9778   -8.05535E-03
    23.0132   -6.25270E-03
    23.0485   -4.19579E-03
    23.0839   -2.13890E-03
    23.1192    1.25988E-04
    23.1546    2.20599E-03
    23.1900    4.12421E-03
    23.2253    5.44155E-03
    23.2607    6.36600E-03
    23.2960    6.57400E-03
    23.3314    6.15800E-03
    23.3667    4.95621E-03
    23.4021    3.13044E-03
    23.4374    6.57545E-04
    23.4728   -2.09268E-03
    23.5082   -5.02780E-03
    23.5435   -7.63935E-03
    23.5789   -1.00198E-02
    23.6142   -1.16375E-02
    23.6496   -1.27007E-02
    23.6849   -1.29549E-02
    23.7203   -1.25620E-02
    23.7556   -1.13371E-02
    23.7910   -9.48825E-03
    23.8264   -6.99225E-03
    23.8617   -4.24201E-03
    23.8971   -1.16823E-03
    23.9324    1.74376E-03
    23.9678    4.37843E-03
    24.0031    6.27355E-03
    24.0385    7.56775E-03
    24.0738    8.14555E-03
    24.1092    8.37665E-03
    24.1446    8.16865E-03
    24.1799    8.09930E-03
    24.2153    8.12245E-03
    24.2506    8.46910E-03
    24.2860    9.11620E-03
    24.3213    1.02256E-02
    24.3567    1.13580E-02
    24.3920    1.24673E-02
    24.4274    1.32069E-02
    24.4627    1.35535E-02
    24.4981    1.30451E-02
    24.5335    1.16816E-02
    24.5688    9.27800E-03
    24.6042    6.20420E-03
    24.6395    2.64510E-03
    24.6749   -9.60235E-04
    24.7102   -4.31135E-03
    24.7456   -7.13090E-03
    24.7809   -9.41890E-03
    24.8163   -1.09905E-02
    24.8517   -1.19149E-02
    24.8870   -1.20767E-02
    24.9224   -1.16607E-02
    24.9577   -1.05514E-02
    24.9931   -8.95670E-03
    25.0284   -6.99225E-03
    25.0638   -4.86601E-03
    25.0991   -2.60113E-03
    25.1345   -3.59345E-04
    25.1699    1.78999E-03
    25.2052    3.61576E-03
    25.2406    5.09490E-03
    25.2759    6.01930E-03
    25.3113    6.41220E-03
    25.3466    6.08865E-03
    25.3820    5.11800E-03
    25.4173    3.43088E-03
    25.4527    1.25843E-03
    25.4881   -1.33001E-03
    25.5234   -4.17268E-03
    25.5588   -6.99225E-03
    25.5941   -9.46510E-03
    25.6295   -1.14989E-02
    25.6648   -1.27700E-02
    25.7002   -1.33709E-02
    25.7355   -1.31167E-02
    25.7709   -1.21691E-02
    25.8063   -1.04589E-02
    25.8416   -8.14780E-03
    25.8770   -5.30510E-03
    25.9123   -2.32379E-03
    25.9477    6.57545E-04
    25.9830    3.24599E-03
    26.0184    5.39530E-03
    26.0537    6.87445E-03
    26.0891    7.72955E-03
    26.1245    8.05310E-03
    26.1598    8.09930E-03
    26.1952    8.12245E-03
    26.2305    8.19175E-03
    26.2659    8.46910E-03
    26.3012    9.07000E-03
    26.3366    9.94820E-03
    26.3719    1.09420E-02
    26.4073    1.18433E-02
    26.4426    1.25366E-02
    26.4780    1.28602E-02
    26.5134    1.24442E-02
    26.5487    1.11731E-02
    26.5841    9.02375E-03
    26.6194    6.22730E-03
    26.6548    2.96865E-03
    26.6901   -4.51790E-04
    26.7255   -3.71046E-03
    26.7608   -6.57625E-03
    26.7962   -8.93355E-03
    26.8316   -1.06438E-02
    26.8669   -1.16145E-02
    26.9023   -1.19611E-02
    26.9376   -1.16607E-02
    26.9730   -1.08056E-02
    27.0083   -9.39580E-03
    27.0437   -7.59310E-03
    27.0790   -5.49000E-03
    27.1144   -3.24823E-03
    27.1498   -9.60235E-04
    27.1851    1.18910E-03
    27.2205    3.13044E-03
    27.2558    4.72510E-03
    27.2912    5.85755E-03
    27.3265    6.43530E-03
    27.3619    6.36600E-03
    27.3972    5.55710E-03
    27.4326    3.98555E-03
    27.4680    1.78999E-03
    27.5033   -8.90900E-04
    27.5387   -3.75668E-03
    27.5740   -6.62245E-03
    27.6094   -9.11845E-03
    27.6447   -1.11984E-02
    27.6801   -1.25620E-02
    27.7154   -1.33478E-02
    27.7508   -1.33247E-02
    27.7861   -1.26544E-02
    27.8215   -1.10829E-02
    27.8569   -8.93355E-03
    27.8922   -6.18335E-03
    27.9276   -3.24823E-03
    27.9629   -1.97567E-04
    27.9983    2.48332E-03
    28.0336    4.72510E-03
    28.0690    6.36600E-03
    28.1043    7.40600E-03
    28.1397    7.84510E-03
    28.1751    7.93755E-03
    28.2104    7.93755E-03
    28.2458    8.14555E-03
    28.2811    8.53845E-03
    28.3165    9.23175E-03
    28.3518    1.01100E-02
    28.3872    1.11731E-02
    28.4225    1.21669E-02
    28.4579    1.29526E-02
    28.4933    1.32069E-02
    28.5286    1.28371E-02
    28.5640    1.16122E-02
    28.5993    9.53220E-03
    28.6347    6.73575E-03
    28.6700    3.56954E-03
    28.7054    1.02877E-04
    28.7407   -3.20201E-03
    28.7761   -6.18335E-03
    28.8115   -8.61000E-03
    28.8468   -1.06438E-02
    28.8822   -1.17531E-02
    28.9175   -1.23078E-02
    28.9529   -1.20998E-02
    28.9882   -1.13371E-02
    29.0236   -9.90425E-03
    29.0589   -8.07845E-03
    29.0943   -5.95225E-03
    29.1297   -3.80290E-03
    29.1650   -1.51490E-03
    29.2004    5.65100E-04
    29.2357    2.57576E-03
    29.2711    4.21666E-03
    29.3064    5.55710E-03
    29.3418    6.31975E-03
    29.3771    6.57400E-03
    29.4125    5.99620E-03
    29.4479    4.70199E-03
    29.4832    2.71444E-03
    29.5186    1.72210E-04
    29.5539   -2.76290E-03
    29.5893   -5.65180E-03
    29.6246   -8.37890E-03
    29.6600   -1.05976E-02
    29.6953   -1.22847E-02
    29.7307   -1.31167E-02
    29.7660   -1.32322E-02
    29.8014   -1.25851E-02
    29.8368   -1.12447E-02
    29.8721   -9.23400E-03
    29.9075   -6.78425E-03
    29.9428   -3.94157E-03
    29.9782   -1.12201E-03
    30.0135    1.65132E-03
    30.0489    3.86999E-03
    30.0842    5.74200E-03
    30.1196    6.75890E-03
    30.1550    7.42910E-03
    30.1903    7.56775E-03
    30.2257    7.70645E-03
    30.2610    7.75265E-03
    30.2964    8.14555E-03
    30.3317    8.65400E-03
    30.3671    9.57845E-03
    30.4024    1.05491E-02
    30.4378    1.17509E-02
    30.4732    1.26985E-02
    30.5085    1.33225E-02
    30.5439    1.31606E-02
    30.5792    1.22593E-02
    30.6146    1.03642E-02
    30.6499    7.79890E-03
    30.6853    4.63266E-03
    30.7206    1.28155E-03
    30.7560   -2.16201E-03
    30.7914   -5.18955E-03
    30.8267   -7.91670E-03
    30.8621   -1.00198E-02
    30.8974   -1.15683E-02
    30.9328   -1.23078E-02
    30.9681   -1.24233E-02
    31.0035   -1.17300E-02
    31.0388   -1.05976E-02
    31.0742   -8.81800E-03
    31.1096   -6.80735E-03
    31.1449   -4.58868E-03
    31.1803   -2.41623E-03
    31.2156   -1.74456E-04
    31.2510    1.83621E-03
    31.2863    3.75444E-03
    31.3217    5.14110E-03
    31.3570    6.25045E-03
    31.3924    6.55090E-03
    31.4277    6.29665E-03
    31.4631    5.16420E-03
    31.4985    3.40776E-03
    31.5338    9.34875E-04
    31.5692   -1.74601E-03
    31.6045   -4.75045E-03
    31.6399   -7.36200E-03
    31.6752   -9.88110E-03
    31.7106   -1.15451E-02
    31.7459   -1.27931E-02
    31.7813   -1.30705E-02
    31.8167   -1.27931E-02
    31.8520   -1.15913E-02
    31.8874   -9.88110E-03
    31.9227   -7.38510E-03
    31.9581   -4.65801E-03
    31.9934   -1.65357E-03
    32.0288    1.09666E-03
    32.0641    3.63887E-03
    32.0995    5.39530E-03
    32.1349    6.71265E-03
    32.1702    7.26730E-03
    32.2056    7.66020E-03
    32.2409    7.61400E-03
    32.2763    7.77575E-03
    32.3116    7.91445E-03
    32.3470    8.51530E-03
    32.3823    9.25490E-03
    32.4177    1.04335E-02
    32.4531    1.14736E-02
    32.4884    1.25829E-02
    32.5238    1.31606E-02
    32.5591    1.34380E-02
    32.5945    1.26985E-02
    32.6298    1.13349E-02
    32.6652    8.86200E-03
    32.7005    5.99620E-03
    32.7359    2.48332E-03
    32.7713   -8.67790E-04
    32.8066   -4.28824E-03
    32.8420   -7.06155E-03
    32.8773   -9.62690E-03
    32.9127   -1.12909E-02
    32.9480   -1.24465E-02
    32.9834   -1.26314E-02
    33.0187   -1.23540E-02
    33.0541   -1.11984E-02
    33.0895   -9.67310E-03
    33.1248   -7.54690E-03
    33.1602   -5.49000E-03
    33.1955   -3.10957E-03
    33.2309   -1.00646E-03
    33.2662    1.25843E-03
    33.3016    3.08421E-03
    33.3369    4.84065E-03
    33.3723    5.92690E-03
    33.4076    6.62020E-03
    33.4430    6.38910E-03
    33.4784    5.60330E-03
    33.5137    3.96243E-03
    33.5491    1.90555E-03
    33.5844   -7.75345E-04
    33.6198   -3.57179E-03
    33.6551   -6.53000E-03
    33.6905   -9.04910E-03
    33.7258   -1.11984E-02
    33.7612   -1.24465E-02
    33.7966   -1.31860E-02
    33.8319   -1.29780E-02
    33.8673   -1.22385E-02
    33.9026   -1.05744E-02
    33.9380   -8.40200E-03
    33.9733   -5.65180E-03
    34.0087   -2.85534E-03
    34.0440    1.02877E-04
    34.0794    2.57576E-03
    34.1148    4.72510E-03
    34.1501    6.13490E-03
    34.1855    7.08245E-03
    34.2208    7.45220E-03
    34.2562    7.70645E-03
    34.2915    7.72955E-03
    34.3269    8.16865E-03
    34.3622    8.58465E-03
    34.3976    9.46290E-03
    34.4330    1.03411E-02
    34.4683    1.14967E-02
    34.5037    1.23749E-02
    34.5390    1.31376E-02
    34.5744    1.32993E-02
    34.6097    1.29526E-02
    34.6451    1.15660E-02
    34.6804    9.43975E-03
    34.7158    6.45845E-03
    34.7512    3.10732E-03
    34.7865   -4.74901E-04
    34.8219   -3.82601E-03
    34.8572   -6.94600E-03
    34.8926   -9.51135E-03
    34.9279   -1.14064E-02
    34.9633   -1.25389E-02
    34.9986   -1.30243E-02
    35.0340   -1.27007E-02
    35.0693   -1.18224E-02
    35.1047   -1.03202E-02
    35.1401   -8.40200E-03
    35.1754   -6.16025E-03
    35.2108   -3.87224E-03
    35.2461   -1.49179E-03
    35.2815    7.49990E-04
    35.3168    2.89932E-03
    35.3522    4.67888E-03
    35.3875    6.04245E-03
    35.4229    6.71265E-03
    35.4583    6.75890E-03
    35.4936    5.97310E-03
    35.5290    4.58643E-03
    35.5643    2.46021E-03
    35.5997   -1.26787E-05
    35.6350   -2.94779E-03
    35.6704   -5.90600E-03
    35.7057   -8.74870E-03
    35.7411   -1.10135E-02
    35.7765   -1.26776E-02
    35.8118   -1.34403E-02
    35.8472   -1.36020E-02
    35.8825   -1.28625E-02
    35.9179   -1.14064E-02
    35.9532   -9.14155E-03
    35.9886   -6.48380E-03
    36.0239   -3.45623E-03
    36.0593   -4.98012E-04
    36.0947    2.29843E-03
    36.1300    4.44777E-03
    36.1654    6.20420E-03
    36.2007    7.24420E-03
    36.2361    7.93755E-03
    36.2714    8.07620E-03
    36.3068    8.19175E-03
    36.3421    8.33045E-03
    36.3775    8.90820E-03
    36.4129    9.57845E-03
    36.4482    1.05953E-02
    36.4836    1.15197E-02
    36.5189    1.25135E-02
    36.5543    1.31144E-02
    36.5896    1.33917E-02
    36.6250    1.28602E-02
    36.6603    1.15660E-02
    36.6957    9.23175E-03
    36.7311    6.36600E-03
    36.7664    2.92244E-03
    36.8018   -5.67345E-04
    36.8371   -4.08024E-03
    36.8725   -7.06155E-03
    36.9078   -9.69625E-03
    36.9432   -1.14989E-02
    36.9785   -1.27700E-02
    37.0139   -1.30473E-02
    37.0493   -1.27931E-02
    37.0846   -1.16838E-02
    37.1200   -1.01585E-02
    37.1553   -8.00910E-03
    37.1907   -5.85980E-03
    37.2260   -3.45623E-03
    37.2614   -1.26068E-03
    37.2967    1.02732E-03
    37.3321    2.89932E-03
    37.3674    4.67888E-03
    37.4028    5.83445E-03
    37.4382    6.59710E-03
    37.4735    6.52775E-03
    37.5089    5.85755E-03
    37.5442    4.37843E-03
    37.5796    2.41399E-03
    37.6149   -1.74456E-04
    37.6503   -2.97090E-03
    37.6856   -5.99845E-03
    37.7210   -8.72555E-03
    37.7564   -1.10829E-02
    37.7917   -1.26082E-02
    37.8271   -1.34864E-02
    37.8624   -1.34634E-02
    37.8978   -1.28625E-02
    37.9331   -1.13603E-02
    37.9685   -9.28025E-03
    38.0038   -6.55310E-03
    38.0392   -3.61801E-03
    38.0746   -4.98012E-04
    38.1099    2.22910E-03
    38.1453    4.56332E-03
    38.1806    6.13490E-03
    38.2160    7.22110E-03
    38.2513    7.70645E-03
    38.2867    7.98375E-03
    38.3220    7.93755E-03
    38.3574    8.23800E-03
    38.3927    8.60775E-03
    38.4281    9.39355E-03
    38.4635    1.02256E-02
    38.4988    1.12193E-02
    38.5342    1.20745E-02
    38.5695    1.28140E-02
    38.6049    1.30913E-02
    38.6402    1.28140E-02
    38.6756    1.15660E-02
    38.7109    9.48600E-03
    38.7463    6.52775E-03
    38.7817    3.24599E-03
    38.8170   -3.59345E-04
    38.8524   -3.68734E-03
    38.8877   -6.83045E-03
    38.9231   -9.32645E-03
    38.9584   -1.13603E-02
    38.9938   -1.25389E-02
    39.0291   -1.31167E-02
    39.0645   -1.28393E-02
    39.0999   -1.20536E-02
    39.1352   -1.05051E-02
    39.1706   -8.58690E-03
    39.2059   -6.29890E-03
    39.2413   -4.05713E-03
    39.2766   -1.67668E-03
    39.3120    4.95766E-04
    39.3473    2.55266E-03
    39.3827    4.23976E-03
    39.4181    5.58020E-03
    39.4534    6.31975E-03
    39.4888    6.45845E-03
    39.5241    5.76510E-03
    39.5595    4.44777E-03
    39.5948    2.41399E-03
    39.6302   -3.57898E-05
    39.6655   -2.90157E-03
    39.7009   -5.81355E-03
    39.7363   -8.61000E-03
    39.7716   -1.08980E-02
    39.8070   -1.25851E-02
    39.8423   -1.34171E-02
    39.8777   -1.35789E-02
    39.9130   -1.29087E-02
    39.9484   -1.15913E-02
    39.9837   -9.44200E-03
    40.0191   -6.85355E-03
    40.0545   -3.84913E-03
    40.0898   -9.14010E-04
    40.1252    1.90555E-03
    40.1605    4.19354E-03
    40.1959    5.97310E-03
    40.2312    7.01310E-03
    40.2666    7.63710E-03
    40.3019    7.82200E-03
    40.3373    8.00690E-03
    40.3727    8.19175E-03
    40.4080    8.70020E-03
    40.4434    9.39355E-03
    40.4787    1.03873E-02
    40.5141    1.13349E-02
    40.5494    1.22593E-02
    40.5848    1.29064E-02
    40.6201    1.32300E-02
    40.6555    1.28140E-02
    40.6908    1.16584E-02
    40.7262    9.48600E-03
    40.7616    6.68955E-03
    40.7969    3.31532E-03
    40.8323   -1.74456E-04
    40.8676   -3.71046E-03
    40.9030   -6.76110E-03
    40.9383   -9.48825E-03
    40.9737   -1.14527E-02
    41.0090   -1.27931E-02
    41.0444   -1.32554E-02
    41.0798   -1.30705E-02
    41.1151   -1.20536E-02
    41.1505   -1.05282E-02
    41.1858   -8.44825E-03
    41.2212   -6.22955E-03
    41.2565   -3.82601E-03
    41.2919   -1.51490E-03
    41.3272    7.49990E-04
    41.3626    2.69132E-03
    41.3980    4.44777E-03
    41.4333    5.67265E-03
    41.4687    6.45845E-03
    41.5040    6.45845E-03
    41.5394    5.81130E-03
    41.5747    4.37843E-03
    41.6101    2.43710E-03
    41.6454   -1.05123E-04
    41.6808   -2.85534E-03
    41.7162   -5.85980E-03
    41.7515   -8.54070E-03
    41.7869   -1.08518E-02
    41.8222   -1.24465E-02
    41.8576   -1.32784E-02
    41.8929   -1.33478E-02
    41.9283   -1.27469E-02
    41.9636   -1.13603E-02
    41.9990   -9.28025E-03
    42.0344   -6.57625E-03
    42.0697   -3.64113E-03
    42.1051   -5.90455E-04
    42.1404    2.18288E-03
    42.1758    4.49399E-03
    42.2111    6.11175E-03
    42.2465    7.19800E-03
    42.2818    7.75265E-03
    42.3172    7.96065E-03
    42.3526    8.03000E-03
    42.3879    8.21490E-03
    42.4233    8.65400E-03
    42.4586    9.39355E-03
    42.4940    1.02949E-02
    42.5293    1.12655E-02
    42.5647    1.22131E-02
    42.6000    1.29757E-02
    42.6354    1.32993E-02
    42.6707    1.29526E-02
    42.7061    1.17278E-02
    42.7415    9.53220E-03
    42.7768    6.57400E-03
    42.8122    3.15355E-03
    42.8475   -4.51790E-04
    42.8829   -3.91845E-03
    42.9182   -7.06155E-03
    42.9536   -9.67310E-03
    42.9889   -1.16838E-02
    43.0243   -1.29549E-02
    43.0597   -1.34634E-02
    43.0950   -1.31167E-02
    43.1304   -1.20998E-02
    43.1657   -1.04589E-02
    43.2011   -8.33270E-03
    43.2364   -5.95225E-03
    43.2718   -3.50246E-03
    43.3071   -1.12201E-03
    43.3425    1.09666E-03
    43.3779    3.10732E-03
    43.4132    4.72510E-03
    43.4486    5.95000E-03
    43.4839    6.57400E-03
    43.5193    6.52775E-03
    43.5546    5.67265E-03
    43.5900    4.14732E-03
    43.6253    2.04421E-03
    43.6607   -5.67345E-04
    43.6961   -3.45623E-03
    43.7314   -6.43755E-03
    43.7668   -9.11845E-03
    43.8021   -1.14296E-02
    43.8375   -1.29318E-02
